FacePatches\UM\036.jpg 74.56140350877193 62.903225806451616 25.43859649122807 64.83870967741936 50.0 90.96774193548387
FacePatches\UM\~FLIP_036.jpg 73.56140350877193 64.83870967741936 24.43859649122807 62.903225806451616 49.0 90.96774193548387
FacePatches\UM\072.jpg 63.725490196078425 60.0 14.705882352941176 61.875 19.6078431372549 80.625
FacePatches\UM\~FLIP_072.jpg 84.29411764705883 61.875 35.274509803921575 60.0 79.3921568627451 80.625
FacePatches\UM\100.jpg 66.66666666666666 60.96774193548387 20.175438596491226 61.935483870967744 34.21052631578947 95.80645161290323
FacePatches\UM\~FLIP_100.jpg 78.82456140350877 61.935483870967744 32.33333333333334 60.96774193548387 64.78947368421052 95.80645161290323
FacePatches\UM\148.jpg 82.30088495575221 66.0 33.6283185840708 66.0 62.83185840707965 112.0
FacePatches\UM\~FLIP_148.jpg 65.3716814159292 66.0 16.69911504424779 66.0 36.16814159292035 112.0
FacePatches\UM\166.jpg 85.84070796460178 62.0 37.16814159292036 63.0 67.2566371681416 107.0
FacePatches\UM\~FLIP_166.jpg 61.83185840707964 63.0 13.159292035398224 62.0 31.743362831858406 107.0
FacePatches\UM\200.jpg 76.1061946902655 61.53846153846154 25.663716814159294 62.5 48.67256637168142 100.96153846153847
FacePatches\UM\~FLIP_200.jpg 73.3362831858407 62.5 22.893805309734503 61.53846153846154 50.32743362831858 100.96153846153847
FacePatches\UM\229.jpg 84.40366972477065 60.19108280254777 33.94495412844037 63.05732484076433 67.88990825688074 82.16560509554141
FacePatches\UM\~FLIP_229.jpg 65.05504587155963 63.05732484076433 14.596330275229349 60.19108280254777 31.110091743119256 82.16560509554141
FacePatches\UM\257.jpg 75.22935779816514 59.0 23.853211009174313 63.0 48.62385321100918 78.0
FacePatches\UM\~FLIP_257.jpg 75.14678899082568 63.0 23.77064220183486 59.0 50.37614678899082 78.0
FacePatches\UM\300.jpg 71.9298245614035 61.36363636363636 22.807017543859647 62.33766233766234 41.228070175438596 100.32467532467533
FacePatches\UM\~FLIP_300.jpg 76.19298245614036 62.33766233766234 27.070175438596493 61.36363636363636 57.771929824561404 100.32467532467533
FacePatches\UM\306.jpg 72.56637168141593 62.745098039215684 23.008849557522126 62.745098039215684 41.5929203539823 102.94117647058823
FacePatches\UM\~FLIP_306.jpg 75.99115044247787 62.745098039215684 26.43362831858407 62.745098039215684 57.4070796460177 102.94117647058823
FacePatches\UM\365.jpg 65.74074074074075 65.50632911392405 20.37037037037037 58.860759493670884 24.074074074074073 101.58227848101265
FacePatches\UM\~FLIP_365.jpg 78.62962962962963 58.860759493670884 33.25925925925925 65.50632911392405 74.92592592592592 101.58227848101265
FacePatches\UM\400.jpg 78.94736842105263 57.91139240506329 28.94736842105263 58.860759493670884 56.14035087719298 87.34177215189872
FacePatches\UM\~FLIP_400.jpg 70.05263157894737 58.860759493670884 20.05263157894737 57.91139240506329 42.85964912280702 87.34177215189872
FacePatches\UM\447.jpg 87.03703703703704 58.8235294117647 38.888888888888886 61.76470588235294 80.55555555555556 81.37254901960785
FacePatches\UM\~FLIP_447.jpg 60.111111111111114 61.76470588235294 11.962962962962962 58.8235294117647 18.444444444444443 81.37254901960785
FacePatches\UM\459.jpg 87.1559633027523 53.57142857142857 40.36697247706422 56.493506493506494 79.81651376146789 79.87012987012987
FacePatches\UM\~FLIP_459.jpg 58.63302752293578 56.493506493506494 11.844036697247702 53.57142857142857 19.18348623853211 79.87012987012987
FacePatches\UM\500.jpg 78.0701754385965 56.962025316455694 28.07017543859649 56.0126582278481 50.0 96.83544303797468
FacePatches\UM\~FLIP_500.jpg 70.9298245614035 56.0126582278481 20.929824561403507 56.962025316455694 49.0 96.83544303797468
FacePatches\UM\534.jpg 67.88990825688074 64.02439024390245 20.18348623853211 60.36585365853659 28.440366972477065 93.29268292682927
FacePatches\UM\~FLIP_534.jpg 78.81651376146789 60.36585365853659 31.110091743119256 64.02439024390245 70.55963302752293 93.29268292682927
FacePatches\UM\575.jpg 75.67567567567568 61.224489795918366 25.225225225225227 61.224489795918366 45.945945945945944 80.61224489795919
FacePatches\UM\~FLIP_575.jpg 73.77477477477477 61.224489795918366 23.324324324324323 61.224489795918366 53.054054054054056 80.61224489795919
FacePatches\UM\600.jpg 79.4392523364486 59.39597315436242 27.102803738317757 62.416107382550344 57.00934579439252 75.503355704698
FacePatches\UM\~FLIP_600.jpg 71.89719626168224 62.416107382550344 19.560747663551396 59.39597315436242 41.99065420560748 75.503355704698
FacePatches\UM\636.jpg 78.57142857142857 60.57692307692308 27.67857142857143 62.5 56.25 94.23076923076923
FacePatches\UM\~FLIP_636.jpg 71.32142857142857 62.5 20.42857142857143 60.57692307692308 42.75 94.23076923076923
FacePatches\UM\672.jpg 77.06422018348624 62.65822784810126 23.853211009174313 61.70886075949367 44.03669724770643 105.37974683544303
FacePatches\UM\~FLIP_672.jpg 75.14678899082568 61.70886075949367 21.935779816513758 62.65822784810126 54.96330275229357 105.37974683544303
FacePatches\UM\700.jpg 78.33333333333334 63.20754716981132 31.666666666666668 63.20754716981132 56.66666666666667 106.60377358490567
FacePatches\UM\~FLIP_700.jpg 67.33333333333333 63.20754716981132 20.666666666666657 63.20754716981132 42.33333333333333 106.60377358490567
FacePatches\UM\725.jpg 82.9059829059829 57.53424657534247 36.75213675213675 60.61643835616439 67.52136752136752 102.73972602739727
FacePatches\UM\~FLIP_725.jpg 62.24786324786325 60.61643835616439 16.094017094017104 57.53424657534247 31.478632478632477 102.73972602739727
FacePatches\UM\786.jpg 71.55963302752293 64.55696202531645 22.93577981651376 61.70886075949367 34.862385321100916 95.88607594936708
FacePatches\UM\~FLIP_786.jpg 76.06422018348624 61.70886075949367 27.440366972477065 64.55696202531645 64.13761467889908 95.88607594936708
FacePatches\UM\800.jpg 70.53571428571429 63.42281879194631 20.53571428571429 63.42281879194631 37.5 89.59731543624162
FacePatches\UM\~FLIP_800.jpg 78.46428571428571 63.42281879194631 28.464285714285708 63.42281879194631 61.5 89.59731543624162
FacePatches\UM\105.png 75.80645161290322 55.35714285714286 27.419354838709676 51.78571428571429 59.677419354838705 83.92857142857143
FacePatches\UM\~FLIP_105.png 71.58064516129032 51.78571428571429 23.193548387096783 55.35714285714286 39.322580645161295 83.92857142857143
FacePatches\UM\150.png 80.64516129032258 55.81395348837209 30.64516129032258 52.325581395348834 53.2258064516129 85.46511627906976
FacePatches\UM\~FLIP_150.png 68.35483870967742 52.325581395348834 18.354838709677423 55.81395348837209 45.7741935483871 85.46511627906976
FacePatches\UM\193.png 77.04918032786885 53.57142857142858 27.868852459016395 53.57142857142858 54.09836065573771 85.71428571428572
FacePatches\UM\~FLIP_193.png 71.1311475409836 53.57142857142858 21.950819672131146 53.57142857142858 44.90163934426229 85.71428571428572
FacePatches\UM\208.png 73.77049180327869 64.28571428571429 22.950819672131146 60.38961038961039 50.81967213114754 95.45454545454545
FacePatches\UM\~FLIP_208.png 76.04918032786885 60.38961038961039 25.229508196721312 64.28571428571429 48.18032786885246 95.45454545454545
FacePatches\UM\250.png 82.53968253968253 63.75 31.746031746031743 58.125 57.14285714285714 90.0
FacePatches\UM\~FLIP_250.png 67.25396825396825 58.125 16.46031746031747 63.75 41.85714285714286 90.0
FacePatches\UM\299.png 75.0 68.02325581395348 25.0 66.27906976744185 46.66666666666667 99.4186046511628
FacePatches\UM\~FLIP_299.png 74.0 66.27906976744185 24.0 68.02325581395348 52.33333333333333 99.4186046511628
FacePatches\UM\302.png 76.66666666666667 60.36585365853659 30.0 56.707317073170735 55.0 89.63414634146342
FacePatches\UM\~FLIP_302.png 69.0 56.707317073170735 22.33333333333333 60.36585365853659 44.0 89.63414634146342
FacePatches\UM\350.png 70.49180327868852 65.06024096385542 24.59016393442623 65.06024096385542 44.26229508196722 93.97590361445783
FacePatches\UM\~FLIP_350.png 74.40983606557377 65.06024096385542 28.508196721311478 65.06024096385542 54.73770491803278 93.97590361445783
FacePatches\UM\390.png 66.66666666666667 66.86746987951807 18.333333333333336 66.86746987951807 38.333333333333336 95.78313253012048
FacePatches\UM\~FLIP_390.png 80.66666666666666 66.86746987951807 32.33333333333333 66.86746987951807 60.666666666666664 95.78313253012048
FacePatches\UM\406.png 67.27272727272727 63.9344262295082 20.0 61.47540983606557 41.81818181818182 83.60655737704919
FacePatches\UM\~FLIP_406.png 79.0 61.47540983606557 31.727272727272734 63.9344262295082 57.18181818181818 83.60655737704919
FacePatches\UM\458.png 62.71186440677966 66.39344262295081 16.94915254237288 61.47540983606557 38.983050847457626 93.44262295081967
FacePatches\UM\~FLIP_458.png 82.05084745762713 61.47540983606557 36.28813559322034 66.39344262295081 60.016949152542374 93.44262295081967
FacePatches\UM\WIN_20211123_10_46_20_Pro.jpg 77.91666666666667 61.59695817490494 32.5 50.19011406844106 53.333333333333336 92.9657794676806
FacePatches\UM\~FLIP_WIN_20211123_10_46_20_Pro.jpg 66.5 50.19011406844106 21.08333333333333 61.59695817490494 45.666666666666664 92.9657794676806
FacePatches\UM\WIN_20211123_10_46_26_Pro.jpg 73.24561403508771 50.55555555555556 27.19298245614035 49.44444444444445 54.82456140350877 84.44444444444444
FacePatches\UM\~FLIP_WIN_20211123_10_46_26_Pro.jpg 71.80701754385964 49.44444444444445 25.754385964912288 50.55555555555556 44.17543859649123 84.44444444444444
FacePatches\UM\WIN_20211123_10_46_31_Pro.jpg 77.8688524590164 67.07746478873239 31.557377049180328 55.45774647887323 53.68852459016394 98.2394366197183
FacePatches\UM\~FLIP_WIN_20211123_10_46_31_Pro.jpg 67.44262295081967 55.45774647887323 21.131147540983605 67.07746478873239 45.31147540983606 98.2394366197183
FacePatches\UM\WIN_20211123_10_46_41_Pro.jpg 77.39463601532567 61.794019933554814 30.268199233716476 53.32225913621262 54.02298850574713 93.68770764119601
FacePatches\UM\~FLIP_WIN_20211123_10_46_41_Pro.jpg 68.73180076628353 53.32225913621262 21.605363984674327 61.794019933554814 44.97701149425287 93.68770764119601
FacePatches\UM\WIN_20211123_10_46_48_Pro.jpg 75.51867219917013 53.60655737704918 26.141078838174277 52.131147540983605 53.941908713692946 87.04918032786885
FacePatches\UM\~FLIP_WIN_20211123_10_46_48_Pro.jpg 72.85892116182572 52.131147540983605 23.481327800829874 53.60655737704918 45.058091286307054 87.04918032786885
FacePatches\UM\WIN_20211123_10_46_57_Pro.jpg 78.07692307692308 71.73913043478261 33.46153846153846 61.95652173913043 53.07692307692308 94.56521739130434
FacePatches\UM\~FLIP_WIN_20211123_10_46_57_Pro.jpg 65.53846153846155 61.95652173913043 20.92307692307692 71.73913043478261 45.92307692307692 94.56521739130434
FacePatches\UM\WIN_20211124_08_48_57_Pro.jpg 81.6867469879518 65.89595375722544 45.78313253012048 63.00578034682081 70.12048192771084 101.15606936416185
FacePatches\UM\~FLIP_WIN_20211124_08_48_57_Pro.jpg 53.21686746987952 63.00578034682081 17.313253012048193 65.89595375722544 28.87951807228916 101.15606936416185
FacePatches\UM\WIN_20211124_08_49_08_Pro.jpg 82.86334056399133 76.02739726027399 57.049891540130155 71.4041095890411 75.4880694143167 105.56506849315069
FacePatches\UM\~FLIP_WIN_20211124_08_49_08_Pro.jpg 41.950108459869845 71.4041095890411 16.13665943600867 76.02739726027399 23.511930585683302 105.56506849315069
FacePatches\UM\WIN_20211124_08_49_17_Pro.jpg 79.6068796068796 53.67298578199052 35.13513513513514 63.27014218009479 70.51597051597052 104.14691943127963
FacePatches\UM\~FLIP_WIN_20211124_08_49_17_Pro.jpg 63.86486486486486 63.27014218009479 19.393120393120398 53.67298578199052 28.484029484029477 104.14691943127963
FacePatches\UM\DSCF9239A.jpg 70.8 59.53125 24.400000000000002 61.40625 37.6 93.28125
FacePatches\UM\~FLIP_DSCF9239A.jpg 74.6 61.40625 28.200000000000003 59.53125 61.4 93.28125
FacePatches\UM\DSCF9239P.jpg 74.19354838709677 55.3475935828877 21.93548387096774 44.11764705882353 44.516129032258064 87.43315508021391
FacePatches\UM\~FLIP_DSCF9239P.jpg 77.06451612903226 44.11764705882353 24.80645161290323 55.3475935828877 54.483870967741936 87.43315508021391
FacePatches\UM\DSCF9239S.jpg 63.08139534883721 57.32009925558313 24.12790697674419 56.94789081885856 35.46511627906977 82.6302729528536
FacePatches\UM\~FLIP_DSCF9239S.jpg 74.87209302325581 56.94789081885856 35.91860465116279 57.32009925558313 63.53488372093023 82.6302729528536
FacePatches\UM\DSCF9240A.jpg 67.13286713286713 55.10204081632653 26.923076923076923 57.78061224489796 37.41258741258741 83.41836734693877
FacePatches\UM\~FLIP_DSCF9240A.jpg 72.07692307692308 57.78061224489796 31.867132867132867 55.10204081632653 61.58741258741259 83.41836734693877
FacePatches\UM\DSCF9240P.jpg 75.27472527472528 64.86486486486486 30.769230769230774 57.33590733590733 47.8021978021978 88.6100386100386
FacePatches\UM\~FLIP_DSCF9240P.jpg 68.23076923076923 57.33590733590733 23.725274725274716 64.86486486486486 51.1978021978022 88.6100386100386
FacePatches\UM\DSCF9240S.jpg 67.74193548387096 59.61538461538462 23.548387096774192 60.0 36.774193548387096 86.92307692307693
FacePatches\UM\~FLIP_DSCF9240S.jpg 75.45161290322581 60.0 31.25806451612904 59.61538461538462 62.225806451612904 86.92307692307693
FacePatches\UM\DSCF9241A.jpg 86.41509433962264 57.69230769230769 44.15094339622642 53.25443786982248 64.52830188679246 84.76331360946746
FacePatches\UM\~FLIP_DSCF9241A.jpg 54.84905660377358 53.25443786982248 12.584905660377359 57.69230769230769 34.47169811320754 84.76331360946746
FacePatches\UM\DSCF9241P.jpg 77.41935483870967 56.617647058823536 30.64516129032258 52.20588235294118 53.2258064516129 81.61764705882354
FacePatches\UM\~FLIP_DSCF9241P.jpg 68.35483870967742 52.20588235294118 21.580645161290334 56.617647058823536 45.7741935483871 81.61764705882354
FacePatches\UM\DSCF9241S.jpg 69.42446043165468 83.63095238095238 25.899280575539567 82.44047619047619 42.086330935251794 105.05952380952381
FacePatches\UM\~FLIP_DSCF9241S.jpg 73.10071942446044 82.44047619047619 29.57553956834532 83.63095238095238 56.913669064748206 105.05952380952381
FacePatches\UM\DSCF9242A.jpg 79.92424242424242 78.57142857142857 37.5 76.19047619047619 57.196969696969695 94.97354497354497
FacePatches\UM\~FLIP_DSCF9242A.jpg 61.5 76.19047619047619 19.075757575757578 78.57142857142857 41.803030303030305 94.97354497354497
FacePatches\UM\DSCF9242P.jpg 69.04761904761904 50.26385224274406 23.41269841269841 46.701846965699204 43.25396825396825 74.80211081794195
FacePatches\UM\~FLIP_DSCF9242P.jpg 75.5873015873016 46.701846965699204 29.952380952380963 50.26385224274406 55.74603174603175 74.80211081794195
FacePatches\UM\DSCF9242S.jpg 68.65671641791045 68.54066985645933 29.850746268656714 67.10526315789474 45.67164179104477 95.09569377990431
FacePatches\UM\~FLIP_DSCF9242S.jpg 69.1492537313433 67.10526315789474 30.343283582089555 68.54066985645933 53.32835820895523 95.09569377990431
